1 0.790503 0.788582 0.789782 0.791794 0.789145 0.787889 0.790329 0.788636 0.788719 0.788908 0.788342 0.788659 0.789628 0.789314 0.789911 0.789885 0.78976 0.790711 0.785382 0.789825 0.788511 0.78913 0.789975 0.79055 0.790988 0.788326 0.78888 0.788381 0.790289 0.789894 0.788623 0.787017 0.788199 0.788042 0.789386 0.789015 0.787443 0.789323 0.789615 0.788803 0.789384 0.790201 0.789282 0.789615 0.788365 0.786354 0.790013 0.786168 0.786526 0.788243 0.787739 0.78775 0.788261 0.788177 0.787378 0.788256 0.78842 0.787764 0.788065 0.787452 0.787939 0.78766 0.78955 0.787116 0.78701 0.787632 0.789001 0.785427 0.7863 0.788792 0.786086 0.78864 0.784677 0.787344 0.786432 0.784323 0.785582 0.787962 0.785895 0.787557 0.787539 0.78696 0.786528 0.786631 0.786446 0.785013 0.786608 0.787569 
0.790503 1 0.791111 0.790283 0.789 0.793102 0.789982 0.790556 0.790451 0.791855 0.791019 0.792166 0.788893 0.792036 0.787602 0.790689 0.791559 0.791477 0.79233 0.788763 0.792581 0.790128 0.789611 0.79111 0.791106 0.791923 0.791691 0.790573 0.790241 0.790879 0.788852 0.790619 0.789048 0.790385 0.789263 0.790555 0.792072 0.788461 0.791063 0.791486 0.789929 0.792178 0.791406 0.788845 0.794095 0.789661 0.788919 0.790666 0.788275 0.790089 0.786811 0.788514 0.789141 0.788532 0.789249 0.788416 0.789511 0.78904 0.788076 0.78792 0.790252 0.788556 0.79 0.790245 0.787874 0.786883 0.789424 0.789389 0.786756 0.787901 0.786378 0.78682 0.788147 0.787965 0.788581 0.786018 0.786584 0.786441 0.787266 0.787591 0.788127 0.787445 0.7875 0.787833 0.788925 0.788321 0.787114 0.789941 0.789216 
0.788582 0.791111 1 0.791214 0.792176 0.791609 0.791085 0.790461 0.789231 0.790625 0.792356 0.790094 0.791465 0.792439 0.792775 0.790818 0.792135 0.792111 0.791379 0.79071 0.791107 0.789806 0.790226 0.788951 0.792789 0.793072 0.791411 0.792151 0.791674 0.792852 0.790695 0.789399 0.790641 0.78873 0.790842 0.791157 0.79052 0.78934 0.788638 0.791153 0.792365 0.791557 0.791026 0.788158 0.792432 0.788167 0.787481 0.79104 0.790174 0.789584 0.788002 0.788669 0.788044 0.789186 0.790761 0.790445 0.789549 0.790599 0.789433 0.788348 0.788773 0.787433 0.788656 0.790744 0.786015 0.787842 0.790799 0.788135 0.787244 0.789289 0.790943 0.788634 0.788259 0.787894 0.790519 0.787682 0.786233 0.78703 0.78835 0.788121 0.789023 0.788272 0.788081 0.787513 0.789421 0.790269 0.786706 0.789267 0.792145 
0.789782 0.790283 0.791214 1 0.789686 0.792378 0.790387 0.788684 0.789265 0.789665 0.792859 0.790286 0.7897 0.790742 0.792396 0.787771 0.791047 0.791779 0.790613 0.791065 0.794383 0.792583 0.790153 0.789803 0.79135 0.791392 0.790765 0.788976 0.790416 0.793566 0.791358 0.789471 0.786967 0.789242 0.791661 0.788828 0.79161 0.792717 0.793107 0.791102 0.791304 0.791135 0.789909 0.791124 0.790463 0.788582 0.788413 0.789159 0.788254 0.787368 0.790091 0.788163 0.789212 0.788257 0.788385 0.790966 0.791158 0.787777 0.786213 0.788266 0.78811 0.788101 0.78917 0.789596 0.788405 0.789642 0.787919 0.78769 0.786832 0.788122 0.791316 0.787858 0.786923 0.789827 0.788823 0.788524 0.786991 0.787827 0.789443 0.786786 0.78781 0.788439 0.789293 0.789187 0.790813 0.789877 0.787072 0.791268 0.789878 
0.791794 0.789 0.792176 0.789686 1 0.792123 0.79097 0.791708 0.788766 0.789114 0.792542 0.790714 0.789051 0.791427 0.792698 0.789053 0.791246 0.792294 0.791815 0.790874 0.790928 0.788511 0.790088 0.790003 0.78783 0.791999 0.791096 0.789963 0.790855 0.792551 0.791417 0.789959 0.789536 0.788309 0.790342 0.791173 0.793724 0.790632 0.791707 0.790805 0.791111 0.792864 0.792856 0.78845 0.793415 0.789655 0.787288 0.78921 0.788018 0.788498 0.788819 0.786884 0.789191 0.787933 0.790619 0.789079 0.789942 0.789271 0.789205 0.789656 0.787794 0.790121 0.787921 0.789595 0.788303 0.786242 0.788794 0.78794 0.787536 0.789211 0.791627 0.789693 0.789332 0.790244 0.789313 0.786845 0.785462 0.788319 0.788166 0.784856 0.78993 0.789218 0.790189 0.786697 0.788805 0.78933 0.784786 0.791843 0.790689 
0.789145 0.793102 0.791609 0.792378 0.792123 1 0.791616 0.790898 0.789799 0.7917 0.791387 0.791051 0.791587 0.791673 0.791464 0.793514 0.791536 0.791547 0.791829 0.791807 0.794571 0.792193 0.79018 0.791985 0.792901 0.792612 0.794054 0.790011 0.791511 0.793836 0.791943 0.790081 0.791732 0.790068 0.791427 0.792304 0.7931 0.793517 0.792186 0.79102 0.792057 0.791878 0.793472 0.789813 0.793159 0.788882 0.788317 0.792354 0.788481 0.789194 0.789742 0.787511 0.791049 0.791246 0.788856 0.790236 0.790609 0.791105 0.78844 0.788861 0.788729 0.790093 0.787903 0.792395 0.789169 0.790639 0.788931 0.790972 0.788909 0.788468 0.791336 0.792532 0.790506 0.789582 0.789105 0.788601 0.788775 0.789608 0.790219 0.787728 0.789111 0.788708 0.78832 0.790044 0.790265 0.790425 0.787216 0.792121 0.789534 
0.787889 0.789982 0.791085 0.790387 0.79097 0.791616 1 0.791401 0.789888 0.788634 0.791829 0.789546 0.787604 0.791183 0.790851 0.789438 0.790501 0.793095 0.78968 0.78737 0.790743 0.789209 0.790724 0.790118 0.790871 0.787766 0.790436 0.79023 0.792378 0.79139 0.791444 0.789564 0.791303 0.789421 0.78985 0.789862 0.792564 0.789292 0.789709 0.791 0.787886 0.790922 0.791142 0.786559 0.791697 0.790356 0.787787 0.789403 0.78826 0.786722 0.78702 0.78987 0.788024 0.788497 0.788422 0.787391 0.788744 0.78883 0.789903 0.789917 0.785993 0.787596 0.788402 0.789677 0.78735 0.787759 0.789338 0.788817 0.787509 0.789419 0.787821 0.789158 0.786494 0.78919 0.788456 0.788698 0.78513 0.790168 0.787979 0.784958 0.78977 0.788797 0.789198 0.787454 0.787817 0.79001 0.785462 0.790688 0.788536 
0.790329 0.790556 0.790461 0.788684 0.791708 0.790898 0.791401 1 0.78996 0.790173 0.7928 0.790209 0.788532 0.792456 0.790018 0.791693 0.789051 0.791441 0.792147 0.790065 0.790961 0.790853 0.78888 0.790817 0.791507 0.793147 0.79062 0.791021 0.790209 0.792565 0.791682 0.787769 0.791304 0.787526 0.789288 0.789147 0.790934 0.788517 0.789079 0.78937 0.790815 0.791112 0.792289 0.788705 0.793562 0.787105 0.786506 0.789497 0.787718 0.788107 0.78779 0.788791 0.788114 0.78529 0.791056 0.787824 0.789777 0.789581 0.785428 0.787842 0.791215 0.787721 0.786684 0.788673 0.786278 0.788588 0.78928 0.786892 0.787417 0.788802 0.789407 0.789288 0.787897 0.788141 0.791137 0.788347 0.786866 0.788841 0.788102 0.78486 0.789165 0.787533 0.788431 0.78899 0.787303 0.789249 0.786195 0.790862 0.787461 
0.788636 0.790451 0.789231 0.789265 0.788766 0.789799 0.789888 0.78996 1 0.788965 0.792336 0.789351 0.789041 0.789478 0.787233 0.789157 0.791752 0.790249 0.789625 0.789263 0.791771 0.789961 0.790453 0.78858 0.790623 0.790651 0.788708 0.789637 0.789737 0.793296 0.789311 0.787936 0.789753 0.788963 0.790866 0.788602 0.791175 0.791206 0.788977 0.791739 0.78974 0.790089 0.789452 0.786759 0.790781 0.788793 0.788889 0.789 0.789013 0.789192 0.787502 0.786806 0.788132 0.786885 0.787258 0.786409 0.787549 0.789924 0.787157 0.788638 0.78909 0.790207 0.78835 0.790002 0.786424 0.785786 0.788506 0.787152 0.787145 0.788468 0.789173 0.785645 0.788066 0.788304 0.787398 0.786623 0.785837 0.788061 0.787795 0.784665 0.788602 0.789739 0.788135 0.784896 0.789011 0.787255 0.787384 0.788237 0.788597 
0.788719 0.791855 0.790625 0.789665 0.789114 0.7917 0.788634 0.790173 0.788965 1 0.792384 0.789353 0.785854 0.788607 0.787239 0.787374 0.789588 0.789416 0.788095 0.790279 0.789773 0.789607 0.788405 0.790688 0.788789 0.792155 0.78887 0.788976 0.789235 0.792924 0.790636 0.788935 0.787266 0.788389 0.788558 0.791361 0.78921 0.789888 0.788844 0.789509 0.791036 0.790242 0.789344 0.790584 0.790871 0.789305 0.787625 0.788547 0.784474 0.785051 0.78579 0.7872 0.787453 0.787221 0.786357 0.788213 0.787788 0.788473 0.786645 0.78735 0.787566 0.78516 0.785477 0.787747 0.786413 0.78637 0.787427 0.785665 0.78457 0.78818 0.788249 0.787372 0.788094 0.786145 0.784098 0.789716 0.78413 0.787979 0.788214 0.785252 0.784813 0.787263 0.785114 0.785686 0.788456 0.787696 0.784442 0.787341 0.786474 
0.788908 0.791019 0.792356 0.792859 0.792542 0.791387 0.791829 0.7928 0.792336 0.792384 1 0.79083 0.788396 0.791369 0.79158 0.790242 0.792355 0.791909 0.791426 0.790778 0.792438 0.792261 0.792194 0.790741 0.789607 0.791905 0.791625 0.790898 0.791499 0.79258 0.793961 0.791007 0.790835 0.78872 0.79041 0.791463 0.793348 0.792232 0.791572 0.794373 0.791139 0.791064 0.791609 0.78821 0.791229 0.789436 0.789694 0.789908 0.789345 0.788699 0.787814 0.79022 0.79005 0.790601 0.790892 0.790361 0.789785 0.78875 0.788012 0.789192 0.789071 0.789201 0.78901 0.789053 0.790133 0.788373 0.790441 0.789329 0.787966 0.790167 0.790291 0.78921 0.79011 0.789927 0.788405 0.789659 0.787746 0.789518 0.791097 0.786789 0.78867 0.789261 0.785869 0.790552 0.791825 0.789985 0.7888 0.791448 0.790585 
0.788342 0.792166 0.790094 0.790286 0.790714 0.791051 0.789546 0.790209 0.789351 0.789353 0.79083 1 0.78673 0.787249 0.786312 0.788125 0.791258 0.79198 0.78855 0.790004 0.789975 0.790858 0.789262 0.788683 0.788364 0.791638 0.786533 0.787467 0.790437 0.791607 0.7908 0.790469 0.789361 0.7874 0.787921 0.790041 0.790833 0.789366 0.788334 0.791101 0.789402 0.790968 0.789684 0.788426 0.790584 0.787643 0.786394 0.790416 0.787401 0.784603 0.78733 0.787031 0.787174 0.787538 0.788007 0.786544 0.7888 0.789134 0.787585 0.7883 0.78633 0.788353 0.787609 0.790625 0.787164 0.787135 0.787197 0.787195 0.786613 0.787051 0.788239 0.787189 0.787915 0.787771 0.787643 0.786988 0.785278 0.785974 0.789512 0.785725 0.787006 0.78626 0.786685 0.785454 0.785663 0.787862 0.785318 0.787717 0.787753 
0.788659 0.788893 0.791465 0.7897 0.789051 0.791587 0.787604 0.788532 0.789041 0.785854 0.788396 0.78673 1 0.787719 0.791042 0.788331 0.789541 0.789748 0.787714 0.787345 0.791832 0.786216 0.787886 0.786889 0.78874 0.787782 0.788936 0.789099 0.789294 0.79045 0.787686 0.790051 0.790358 0.788083 0.789641 0.788724 0.790194 0.787891 0.789798 0.789147 0.787894 0.789177 0.788964 0.786831 0.789435 0.788038 0.787211 0.788481 0.790287 0.784809 0.786797 0.788546 0.785475 0.784657 0.787946 0.787309 0.78751 0.787058 0.78503 0.786496 0.786084 0.788 0.787076 0.787083 0.790795 0.786316 0.786325 0.786286 0.785023 0.788641 0.787397 0.788013 0.788283 0.78677 0.786833 0.786741 0.785334 0.786255 0.788953 0.783513 0.787066 0.786919 0.786636 0.785893 0.790247 0.787607 0.785392 0.788917 0.788421 
0.789628 0.792036 0.792439 0.790742 0.791427 0.791673 0.791183 0.792456 0.789478 0.788607 0.791369 0.787249 0.787719 1 0.788006 0.788973 0.791779 0.791439 0.790507 0.791668 0.791028 0.790818 0.789107 0.789993 0.790972 0.789181 0.790767 0.790863 0.788335 0.790828 0.792754 0.791067 0.789665 0.78974 0.789289 0.789156 0.791664 0.790556 0.789136 0.789219 0.79112 0.788004 0.790959 0.788114 0.791155 0.787847 0.788756 0.788429 0.790044 0.787442 0.785722 0.788547 0.788551 0.789874 0.788609 0.789469 0.788491 0.786106 0.787326 0.789488 0.788441 0.788893 0.789288 0.789962 0.787597 0.786937 0.786706 0.789179 0.787831 0.78841 0.791166 0.790158 0.788163 0.787148 0.788868 0.78696 0.786947 0.787031 0.787667 0.786965 0.789618 0.787797 0.788261 0.787853 0.788934 0.789365 0.786629 0.791366 0.787446 
0.789314 0.787602 0.792775 0.792396 0.792698 0.791464 0.790851 0.790018 0.787233 0.787239 0.79158 0.786312 0.791042 0.788006 1 0.789427 0.789739 0.790502 0.791008 0.787206 0.792265 0.78963 0.789004 0.79185 0.789635 0.791148 0.79055 0.790637 0.789613 0.791458 0.789762 0.788214 0.791398 0.788923 0.791696 0.790912 0.790326 0.789906 0.791093 0.79099 0.791263 0.791137 0.791934 0.788276 0.790614 0.790405 0.787641 0.793549 0.78845 0.78744 0.786199 0.786431 0.791206 0.790273 0.788875 0.7895 0.788277 0.787891 0.788039 0.788316 0.788706 0.78879 0.787545 0.790791 0.788669 0.788528 0.788388 0.788411 0.787023 0.787728 0.788999 0.790306 0.786825 0.78644 0.788958 0.786521 0.78475 0.786565 0.787616 0.783674 0.789351 0.785632 0.787975 0.787777 0.788551 0.788432 0.787562 0.789078 0.79047 
0.789911 0.790689 0.790818 0.787771 0.789053 0.793514 0.789438 0.791693 0.789157 0.787374 0.790242 0.788125 0.788331 0.788973 0.789427 1 0.791514 0.79276 0.789865 0.789104 0.790208 0.790611 0.789937 0.790842 0.789632 0.79018 0.791858 0.787587 0.787218 0.791791 0.787868 0.788801 0.789398 0.790279 0.788767 0.790001 0.790676 0.78914 0.791866 0.789638 0.791279 0.789225 0.791126 0.788995 0.791721 0.788126 0.787413 0.7902 0.788388 0.787834 0.787426 0.788295 0.786639 0.787746 0.788877 0.789095 0.789603 0.787548 0.790179 0.787857 0.788377 0.786998 0.788308 0.787497 0.787774 0.789438 0.787856 0.791244 0.788236 0.788399 0.78659 0.788083 0.791782 0.789644 0.788575 0.789427 0.786048 0.786075 0.790542 0.784801 0.78714 0.787618 0.787628 0.789194 0.788272 0.789071 0.785553 0.788947 0.788716 
0.789885 0.791559 0.792135 0.791047 0.791246 0.791536 0.790501 0.789051 0.791752 0.789588 0.792355 0.791258 0.789541 0.791779 0.789739 0.791514 1 0.790894 0.78999 0.791052 0.791374 0.791298 0.790473 0.790445 0.792939 0.792352 0.791099 0.790109 0.791676 0.793074 0.793635 0.790714 0.78875 0.79332 0.789987 0.790638 0.791431 0.791061 0.789679 0.792115 0.791509 0.790516 0.792347 0.788308 0.790127 0.790531 0.787991 0.790576 0.789244 0.789517 0.788867 0.788424 0.790862 0.789473 0.790305 0.791858 0.788576 0.788611 0.789281 0.789523 0.791264 0.791761 0.79119 0.78983 0.78877 0.787121 0.790368 0.788903 0.786962 0.790465 0.790076 0.790926 0.78969 0.788321 0.78917 0.789954 0.787504 0.789559 0.788915 0.786279 0.79034 0.788161 0.787201 0.787595 0.789961 0.791423 0.788157 0.790563 0.789181 
0.78976 0.791477 0.792111 0.791779 0.792294 0.791547 0.793095 0.791441 0.790249 0.789416 0.791909 0.79198 0.789748 0.791439 0.790502 0.79276 0.790894 1 0.78941 0.790112 0.789568 0.788979 0.791303 0.79025 0.79062 0.789943 0.792393 0.791268 0.792381 0.793904 0.791689 0.789387 0.788665 0.790727 0.7913 0.790925 0.791309 0.791343 0.791539 0.792348 0.790889 0.792912 0.791171 0.787627 0.793351 0.788823 0.78762 0.78977 0.789472 0.789573 0.789469 0.789434 0.78898 0.790279 0.791003 0.790488 0.789193 0.790654 0.788404 0.788281 0.789261 0.788427 0.788015 0.792501 0.788529 0.78952 0.789395 0.787828 0.789199 0.790789 0.790655 0.788772 0.789963 0.786799 0.789624 0.787426 0.787326 0.789647 0.790409 0.785481 0.78982 0.788282 0.789048 0.787833 0.789394 0.789616 0.785677 0.790632 0.789775 
0.790711 0.79233 0.791379 0.790613 0.791815 0.791829 0.78968 0.792147 0.789625 0.788095 0.791426 0.78855 0.787714 0.790507 0.791008 0.789865 0.78999 0.78941 1 0.791861 0.791284 0.791706 0.789721 0.791147 0.789865 0.792146 0.791125 0.790221 0.791682 0.793367 0.788971 0.789329 0.788226 0.789041 0.791292 0.78952 0.792502 0.789195 0.791122 0.790228 0.794381 0.792779 0.791681 0.790731 0.793079 0.789497 0.790189 0.791582 0.78864 0.786363 0.787117 0.787294 0.787954 0.7908 0.788853 0.788647 0.789326 0.78655 0.789844 0.789541 0.787527 0.788508 0.788679 0.791064 0.787724 0.788701 0.789999 0.790327 0.786761 0.791238 0.790497 0.789191 0.788063 0.78914 0.786291 0.787101 0.785175 0.788979 0.788888 0.784416 0.789384 0.789679 0.788124 0.786455 0.791977 0.787275 0.787749 0.790636 0.78831 
0.785382 0.788763 0.79071 0.791065 0.790874 0.791807 0.78737 0.790065 0.789263 0.790279 0.790778 0.790004 0.787345 0.791668 0.787206 0.789104 0.791052 0.790112 0.791861 1 0.789785 0.78877 0.789398 0.789928 0.791179 0.790856 0.788385 0.787238 0.791771 0.791704 0.789845 0.790315 0.788136 0.787823 0.789219 0.789741 0.788764 0.790224 0.790876 0.787395 0.789454 0.790733 0.78845 0.78758 0.792089 0.78873 0.7887 0.789318 0.785639 0.786721 0.787371 0.788073 0.78638 0.788608 0.789423 0.789323 0.787921 0.788237 0.786134 0.785739 0.788802 0.787724 0.787325 0.787856 0.787394 0.787255 0.787568 0.788909 0.78596 0.78884 0.786024 0.787333 0.787557 0.789639 0.788019 0.786755 0.7854 0.788422 0.786727 0.785195 0.787877 0.787715 0.787741 0.785859 0.789966 0.787495 0.784669 0.787579 0.787683 
0.789825 0.792581 0.791107 0.794383 0.790928 0.794571 0.790743 0.790961 0.791771 0.789773 0.792438 0.789975 0.791832 0.791028 0.792265 0.790208 0.791374 0.789568 0.791284 0.789785 1 0.790848 0.793264 0.790715 0.792447 0.794548 0.790994 0.792051 0.792044 0.791535 0.790097 0.791034 0.792531 0.788313 0.791394 0.791622 0.792834 0.788724 0.790324 0.793025 0.792486 0.790448 0.794423 0.789541 0.790862 0.789672 0.790917 0.79091 0.788461 0.789091 0.78748 0.789247 0.789107 0.790055 0.789382 0.791366 0.789552 0.789045 0.790513 0.786892 0.788806 0.790373 0.790229 0.790567 0.789526 0.787843 0.788468 0.789508 0.789748 0.790797 0.790913 0.79091 0.790046 0.789952 0.790233 0.788743 0.786831 0.788272 0.791757 0.78569 0.791376 0.789268 0.790361 0.789174 0.791049 0.790153 0.789323 0.790434 0.792537 
0.788511 0.790128 0.789806 0.792583 0.788511 0.792193 0.789209 0.790853 0.789961 0.789607 0.792261 0.790858 0.786216 0.790818 0.78963 0.790611 0.791298 0.788979 0.791706 0.78877 0.790848 1 0.791977 0.789843 0.789806 0.788484 0.790395 0.789068 0.790163 0.791453 0.789619 0.790285 0.789781 0.788432 0.789942 0.790692 0.792154 0.790064 0.791679 0.78891 0.79202 0.788724 0.790554 0.79121 0.790927 0.787238 0.788562 0.78806 0.78737 0.786931 0.788638 0.788795 0.787177 0.788479 0.789183 0.787348 0.789722 0.787414 0.78904 0.788251 0.788547 0.79041 0.786716 0.789432 0.788273 0.788679 0.787479 0.789751 0.784789 0.787491 0.788318 0.787991 0.789834 0.786876 0.788397 0.789632 0.784177 0.785786 0.788657 0.784278 0.789179 0.785644 0.787993 0.787101 0.78891 0.786508 0.78774 0.789541 0.786677 
0.78913 0.789611 0.790226 0.790153 0.790088 0.79018 0.790724 0.78888 0.790453 0.788405 0.792194 0.789262 0.787886 0.789107 0.789004 0.789937 0.790473 0.791303 0.789721 0.789398 0.793264 0.791977 1 0.789913 0.789939 0.789285 0.790591 0.78875 0.791538 0.793797 0.789625 0.789157 0.789213 0.789074 0.790722 0.789597 0.790822 0.79068 0.789058 0.789551 0.791058 0.7913 0.791775 0.789161 0.789496 0.789331 0.788721 0.79016 0.79078 0.787182 0.789151 0.788043 0.787887 0.788356 0.789699 0.788801 0.788675 0.788263 0.787121 0.787837 0.790293 0.789158 0.785985 0.79146 0.789153 0.788688 0.788377 0.786908 0.788962 0.790205 0.788589 0.786837 0.790083 0.789119 0.788059 0.789334 0.785853 0.789878 0.789421 0.784828 0.788979 0.78516 0.789852 0.786021 0.788627 0.78791 0.787502 0.788479 0.790402 
0.789975 0.79111 0.788951 0.789803 0.790003 0.791985 0.790118 0.790817 0.78858 0.790688 0.790741 0.788683 0.786889 0.789993 0.79185 0.790842 0.790445 0.79025 0.791147 0.789928 0.790715 0.789843 0.789913 1 0.790344 0.789686 0.792115 0.791196 0.789794 0.792078 0.792529 0.789107 0.79068 0.78802 0.787854 0.789879 0.789485 0.788904 0.790868 0.790939 0.791691 0.791835 0.789476 0.788435 0.791061 0.788819 0.787695 0.791846 0.788565 0.787897 0.787078 0.791144 0.789059 0.788338 0.788839 0.78925 0.789123 0.787372 0.788114 0.787671 0.787257 0.787475 0.789563 0.79114 0.788352 0.787407 0.787948 0.79053 0.786635 0.788841 0.789406 0.789019 0.787205 0.791239 0.791894 0.789015 0.787107 0.788701 0.789147 0.786637 0.789195 0.788062 0.787961 0.788027 0.788982 0.78861 0.786438 0.791773 0.789861 
0.79055 0.791106 0.792789 0.79135 0.78783 0.792901 0.790871 0.791507 0.790623 0.788789 0.789607 0.788364 0.78874 0.790972 0.789635 0.789632 0.792939 0.79062 0.789865 0.791179 0.792447 0.789806 0.789939 0.790344 1 0.790062 0.790551 0.793332 0.792102 0.79155 0.790684 0.791942 0.788219 0.790098 0.788604 0.789186 0.791229 0.790157 0.791873 0.789899 0.7921 0.791653 0.790165 0.787556 0.791755 0.788015 0.788751 0.79052 0.789489 0.788809 0.789588 0.788168 0.790091 0.788546 0.788371 0.78938 0.790021 0.787605 0.788522 0.788975 0.789427 0.787943 0.789381 0.787791 0.788243 0.788484 0.787584 0.788728 0.787873 0.789853 0.789659 0.78797 0.789971 0.787287 0.789553 0.789327 0.786185 0.788343 0.78943 0.785786 0.790233 0.788846 0.787633 0.791118 0.789028 0.788061 0.787424 0.790269 0.791381 
0.790988 0.791923 0.793072 0.791392 0.791999 0.792612 0.787766 0.793147 0.790651 0.792155 0.791905 0.791638 0.787782 0.789181 0.791148 0.79018 0.792352 0.789943 0.792146 0.790856 0.794548 0.788484 0.789285 0.789686 0.790062 1 0.787636 0.792278 0.790335 0.791588 0.792742 0.791999 0.791313 0.78827 0.791068 0.792675 0.790463 0.789777 0.789755 0.791404 0.792214 0.7881 0.790985 0.791747 0.789867 0.787434 0.788723 0.791594 0.78734 0.786139 0.788051 0.788471 0.786427 0.789194 0.788521 0.789824 0.789139 0.789011 0.788384 0.789729 0.786561 0.788665 0.786148 0.791066 0.788665 0.789241 0.78863 0.787107 0.787692 0.789444 0.787711 0.789376 0.788655 0.78798 0.787861 0.788444 0.786723 0.786503 0.78949 0.786764 0.789317 0.789161 0.786976 0.786493 0.788869 0.789117 0.786873 0.790542 0.790847 
0.788326 0.791691 0.791411 0.790765 0.791096 0.794054 0.790436 0.79062 0.788708 0.78887 0.791625 0.786533 0.788936 0.790767 0.79055 0.791858 0.791099 0.792393 0.791125 0.788385 0.790994 0.790395 0.790591 0.792115 0.790551 0.787636 1 0.789366 0.790152 0.792247 0.792514 0.790739 0.790337 0.790479 0.789059 0.79009 0.790681 0.790212 0.791649 0.789152 0.791296 0.790105 0.793763 0.787896 0.790026 0.788186 0.789203 0.789652 0.789328 0.788662 0.787206 0.789885 0.78746 0.788873 0.789692 0.7913 0.785106 0.787817 0.786862 0.78823 0.788587 0.790896 0.787245 0.789569 0.786913 0.787896 0.789348 0.788838 0.788401 0.789134 0.78907 0.788146 0.790515 0.78791 0.787362 0.787646 0.784549 0.788565 0.788718 0.78679 0.789415 0.78812 0.787855 0.787056 0.787001 0.789254 0.787087 0.791102 0.789829 
0.78888 0.790573 0.792151 0.788976 0.789963 0.790011 0.79023 0.791021 0.789637 0.788976 0.790898 0.787467 0.789099 0.790863 0.790637 0.787587 0.790109 0.791268 0.790221 0.787238 0.792051 0.789068 0.78875 0.791196 0.793332 0.792278 0.789366 1 0.791912 0.792547 0.790725 0.78901 0.789899 0.789415 0.789048 0.792678 0.793098 0.790242 0.788361 0.790201 0.79101 0.788858 0.789634 0.788271 0.789685 0.788103 0.790647 0.789069 0.787695 0.785944 0.786127 0.788972 0.788791 0.788281 0.791214 0.78878 0.788876 0.789324 0.78749 0.786739 0.786757 0.790493 0.787026 0.790896 0.787555 0.786041 0.78974 0.78687 0.787308 0.789074 0.789017 0.78889 0.78952 0.786477 0.790067 0.788443 0.786878 0.787799 0.788868 0.785329 0.788287 0.787439 0.790031 0.786885 0.78868 0.788209 0.785756 0.789125 0.786479 
0.788381 0.790241 0.791674 0.790416 0.790855 0.791511 0.792378 0.790209 0.789737 0.789235 0.791499 0.790437 0.789294 0.788335 0.789613 0.787218 0.791676 0.792381 0.791682 0.791771 0.792044 0.790163 0.791538 0.789794 0.792102 0.790335 0.790152 0.791912 1 0.793487 0.793721 0.788522 0.791354 0.789684 0.789587 0.790676 0.79011 0.789406 0.793098 0.790177 0.7909 0.789686 0.791388 0.789584 0.79195 0.788234 0.78892 0.790604 0.787532 0.790221 0.791521 0.787728 0.789422 0.788965 0.790711 0.789932 0.789704 0.788514 0.786399 0.789891 0.789135 0.788907 0.789687 0.788919 0.788938 0.78802 0.790697 0.787753 0.789442 0.790904 0.789582 0.789921 0.789623 0.788563 0.789856 0.789602 0.788753 0.789713 0.788595 0.786592 0.789 0.788952 0.790138 0.787131 0.789074 0.79017 0.788674 0.789293 0.788431 
0.790289 0.790879 0.792852 0.793566 0.792551 0.793836 0.79139 0.792565 0.793296 0.792924 0.79258 0.791607 0.79045 0.790828 0.791458 0.791791 0.793074 0.793904 0.793367 0.791704 0.791535 0.791453 0.793797 0.792078 0.79155 0.791588 0.792247 0.792547 0.793487 1 0.791959 0.793895 0.790642 0.790245 0.790971 0.790688 0.792058 0.790569 0.792668 0.792367 0.793794 0.793302 0.792225 0.790041 0.792497 0.789828 0.789474 0.791808 0.789229 0.787854 0.791572 0.789621 0.788858 0.790967 0.789037 0.790885 0.789044 0.790504 0.788681 0.789429 0.788729 0.790619 0.787451 0.792215 0.79057 0.789211 0.790696 0.788577 0.790608 0.791311 0.791588 0.789357 0.790341 0.789388 0.789353 0.790298 0.787545 0.789666 0.789134 0.789743 0.790403 0.790388 0.788658 0.787575 0.791119 0.788648 0.789723 0.790362 0.788453 
0.789894 0.788852 0.790695 0.791358 0.791417 0.791943 0.791444 0.791682 0.789311 0.790636 0.793961 0.7908 0.787686 0.792754 0.789762 0.787868 0.793635 0.791689 0.788971 0.789845 0.790097 0.789619 0.789625 0.792529 0.790684 0.792742 0.792514 0.790725 0.793721 0.791959 1 0.790859 0.792111 0.791407 0.790426 0.790197 0.791361 0.791228 0.789337 0.793303 0.789091 0.790809 0.791368 0.787696 0.79318 0.789423 0.787478 0.790311 0.788314 0.787242 0.787805 0.789625 0.791547 0.790241 0.791176 0.790196 0.787791 0.788809 0.787751 0.78928 0.789577 0.788699 0.789439 0.789841 0.78936 0.787683 0.789956 0.789645 0.787711 0.787721 0.790601 0.788894 0.78959 0.788791 0.788385 0.789524 0.785994 0.787843 0.789891 0.786723 0.788444 0.789204 0.787042 0.78821 0.788866 0.788457 0.78879 0.790492 0.789823 
0.788623 0.790619 0.789399 0.789471 0.789959 0.790081 0.789564 0.787769 0.787936 0.788935 0.791007 0.790469 0.790051 0.791067 0.788214 0.788801 0.790714 0.789387 0.789329 0.790315 0.791034 0.790285 0.789157 0.789107 0.791942 0.791999 0.790739 0.78901 0.788522 0.793895 0.790859 1 0.791432 0.791185 0.789473 0.788868 0.791072 0.791158 0.789893 0.789153 0.791177 0.789963 0.79023 0.789379 0.790035 0.787546 0.788811 0.790572 0.788997 0.788252 0.785188 0.789179 0.788891 0.788754 0.788605 0.788316 0.788621 0.788079 0.78689 0.787762 0.787895 0.787629 0.788754 0.790643 0.789027 0.787157 0.788615 0.788007 0.787065 0.788189 0.789242 0.788474 0.787783 0.789545 0.788768 0.788472 0.787991 0.787021 0.78936 0.786842 0.787524 0.787491 0.786432 0.78788 0.788929 0.787487 0.787643 0.791142 0.789441 
0.787017 0.789048 0.790641 0.786967 0.789536 0.791732 0.791303 0.791304 0.789753 0.787266 0.790835 0.789361 0.790358 0.789665 0.791398 0.789398 0.78875 0.788665 0.788226 0.788136 0.792531 0.789781 0.789213 0.79068 0.788219 0.791313 0.790337 0.789899 0.791354 0.790642 0.792111 0.791432 1 0.788722 0.788481 0.790755 0.791283 0.790911 0.790257 0.789095 0.789603 0.788937 0.791146 0.787473 0.792709 0.788877 0.788097 0.789239 0.787303 0.786633 0.787811 0.788239 0.788936 0.788793 0.788767 0.790535 0.78987 0.787644 0.78654 0.786519 0.787692 0.789739 0.786696 0.788629 0.787869 0.78985 0.78758 0.787749 0.787796 0.786623 0.788408 0.78891 0.790287 0.789507 0.789361 0.786755 0.785853 0.787668 0.788655 0.7865 0.786113 0.788099 0.787041 0.787372 0.789271 0.789355 0.787617 0.789176 0.790906 
0.788199 0.790385 0.78873 0.789242 0.788309 0.790068 0.789421 0.787526 0.788963 0.788389 0.78872 0.7874 0.788083 0.78974 0.788923 0.790279 0.79332 0.790727 0.789041 0.787823 0.788313 0.788432 0.789074 0.78802 0.790098 0.78827 0.790479 0.789415 0.789684 0.790245 0.791407 0.791185 0.788722 1 0.787101 0.787435 0.789662 0.789019 0.786374 0.790064 0.789634 0.789635 0.792635 0.786721 0.790516 0.787874 0.787034 0.789529 0.788719 0.787339 0.786835 0.78682 0.787976 0.789958 0.789083 0.788166 0.78888 0.786444 0.786694 0.787021 0.787218 0.788425 0.788592 0.787537 0.785449 0.788103 0.787982 0.786947 0.787816 0.787843 0.787094 0.786668 0.787346 0.787541 0.786599 0.78755 0.784498 0.789532 0.787151 0.78339 0.786084 0.787001 0.784396 0.785843 0.787897 0.786741 0.785114 0.789176 0.788822 
0.788042 0.789263 0.790842 0.791661 0.790342 0.791427 0.78985 0.789288 0.790866 0.788558 0.79041 0.787921 0.789641 0.789289 0.791696 0.788767 0.789987 0.7913 0.791292 0.789219 0.791394 0.789942 0.790722 0.787854 0.788604 0.791068 0.789059 0.789048 0.789587 0.790971 0.790426 0.789473 0.788481 0.787101 1 0.792539 0.789036 0.788857 0.79106 0.790813 0.790211 0.790563 0.790817 0.786921 0.792478 0.787936 0.787993 0.790278 0.787852 0.788839 0.790502 0.78979 0.786834 0.788389 0.78937 0.789216 0.785908 0.789351 0.787325 0.786395 0.789659 0.788781 0.788299 0.790708 0.788118 0.787347 0.788534 0.787984 0.788568 0.787517 0.787681 0.788104 0.787737 0.788046 0.788357 0.789949 0.786104 0.785615 0.788508 0.785377 0.789398 0.788533 0.786423 0.788217 0.788793 0.788057 0.788796 0.790216 0.788196 
0.789386 0.790555 0.791157 0.788828 0.791173 0.792304 0.789862 0.789147 0.788602 0.791361 0.791463 0.790041 0.788724 0.789156 0.790912 0.790001 0.790638 0.790925 0.78952 0.789741 0.791622 0.790692 0.789597 0.789879 0.789186 0.792675 0.79009 0.792678 0.790676 0.790688 0.790197 0.788868 0.790755 0.787435 0.792539 1 0.790178 0.790696 0.789433 0.791837 0.791209 0.790396 0.790703 0.788558 0.79129 0.788856 0.788089 0.791308 0.788911 0.787705 0.787046 0.788841 0.789292 0.789131 0.790044 0.789402 0.787896 0.79039 0.78644 0.787516 0.786972 0.789747 0.78908 0.792561 0.786235 0.787425 0.788277 0.788534 0.787477 0.786925 0.790946 0.789551 0.790111 0.786148 0.787388 0.788736 0.784123 0.787451 0.789808 0.7857 0.788419 0.789528 0.787317 0.787561 0.788856 0.790608 0.785317 0.790923 0.790928 
0.789015 0.792072 0.79052 0.79161 0.793724 0.7931 0.792564 0.790934 0.791175 0.78921 0.793348 0.790833 0.790194 0.791664 0.790326 0.790676 0.791431 0.791309 0.792502 0.788764 0.792834 0.792154 0.790822 0.789485 0.791229 0.790463 0.790681 0.793098 0.79011 0.792058 0.791361 0.791072 0.791283 0.789662 0.789036 0.790178 1 0.79048 0.791395 0.789574 0.791547 0.79128 0.79229 0.789212 0.792289 0.78973 0.788517 0.790982 0.789494 0.789813 0.788287 0.790125 0.788856 0.791462 0.789469 0.790384 0.790345 0.789419 0.791337 0.78838 0.789049 0.789122 0.78825 0.79068 0.78847 0.78718 0.788995 0.790254 0.786297 0.787091 0.790394 0.786033 0.791374 0.789265 0.790765 0.788349 0.785667 0.790117 0.78926 0.788913 0.790069 0.7873 0.790354 0.788807 0.790238 0.791722 0.789 0.791649 0.790774 
0.787443 0.788461 0.78934 0.792717 0.790632 0.793517 0.789292 0.788517 0.791206 0.789888 0.792232 0.789366 0.787891 0.790556 0.789906 0.78914 0.791061 0.791343 0.789195 0.790224 0.788724 0.790064 0.79068 0.788904 0.790157 0.789777 0.790212 0.790242 0.789406 0.790569 0.791228 0.791158 0.790911 0.789019 0.788857 0.790696 0.79048 1 0.792925 0.791028 0.790327 0.788386 0.79002 0.789336 0.791985 0.788314 0.78988 0.788408 0.788209 0.787136 0.787829 0.787636 0.787668 0.789302 0.788116 0.788573 0.787526 0.788473 0.787016 0.786316 0.787983 0.78954 0.788468 0.788182 0.786565 0.787068 0.787343 0.787838 0.788478 0.789227 0.788899 0.788039 0.788417 0.787005 0.786159 0.789822 0.785289 0.786285 0.787639 0.784576 0.786662 0.788797 0.786378 0.786613 0.788375 0.79013 0.786616 0.790202 0.789783 
0.789323 0.791063 0.788638 0.793107 0.791707 0.792186 0.789709 0.789079 0.788977 0.788844 0.791572 0.788334 0.789798 0.789136 0.791093 0.791866 0.789679 0.791539 0.791122 0.790876 0.790324 0.791679 0.789058 0.790868 0.791873 0.789755 0.791649 0.788361 0.793098 0.792668 0.789337 0.789893 0.790257 0.786374 0.79106 0.789433 0.791395 0.792925 1 0.790119 0.78916 0.789401 0.790768 0.789876 0.790744 0.791206 0.788038 0.790004 0.789211 0.787256 0.788776 0.786925 0.789003 0.789475 0.789579 0.790652 0.789427 0.790257 0.788436 0.788008 0.788265 0.790547 0.788767 0.788668 0.78962 0.786479 0.787255 0.788679 0.788053 0.788837 0.790951 0.788139 0.788091 0.789663 0.788775 0.788643 0.786775 0.788821 0.790264 0.78658 0.788968 0.788239 0.789085 0.787729 0.789822 0.786317 0.786935 0.792447 0.789061 
0.789615 0.791486 0.791153 0.791102 0.790805 0.79102 0.791 0.78937 0.791739 0.789509 0.794373 0.791101 0.789147 0.789219 0.79099 0.789638 0.792115 0.792348 0.790228 0.787395 0.793025 0.78891 0.789551 0.790939 0.789899 0.791404 0.789152 0.790201 0.790177 0.792367 0.793303 0.789153 0.789095 0.790064 0.790813 0.791837 0.789574 0.791028 0.790119 1 0.790759 0.790508 0.791598 0.789144 0.792433 0.78894 0.788685 0.791425 0.785056 0.785848 0.786508 0.788303 0.786874 0.787802 0.789834 0.790062 0.786876 0.790459 0.78602 0.788355 0.788463 0.789075 0.789558 0.789411 0.787678 0.786704 0.788438 0.787651 0.789099 0.789579 0.789967 0.789435 0.788136 0.789275 0.789225 0.787867 0.78764 0.788375 0.788991 0.785891 0.78714 0.78947 0.78937 0.788659 0.790459 0.789387 0.785957 0.789563 0.789535 
0.788803 0.789929 0.792365 0.791304 0.791111 0.792057 0.787886 0.790815 0.78974 0.791036 0.791139 0.789402 0.787894 0.79112 0.791263 0.791279 0.791509 0.790889 0.794381 0.789454 0.792486 0.79202 0.791058 0.791691 0.7921 0.792214 0.791296 0.79101 0.7909 0.793794 0.789091 0.791177 0.789603 0.789634 0.790211 0.791209 0.791547 0.790327 0.78916 0.790759 1 0.791327 0.792826 0.790438 0.792103 0.788499 0.788975 0.790389 0.791303 0.787827 0.787485 0.790881 0.786454 0.789949 0.787884 0.787306 0.787717 0.789359 0.78758 0.789796 0.787159 0.788736 0.788983 0.790994 0.78815 0.786854 0.786763 0.788398 0.78825 0.787244 0.789118 0.789148 0.789652 0.789017 0.789413 0.785969 0.786275 0.790124 0.789739 0.786489 0.789254 0.788166 0.788158 0.787871 0.788483 0.789159 0.786545 0.791126 0.790572 
0.789384 0.792178 0.791557 0.791135 0.792864 0.791878 0.790922 0.791112 0.790089 0.790242 0.791064 0.790968 0.789177 0.788004 0.791137 0.789225 0.790516 0.792912 0.792779 0.790733 0.790448 0.788724 0.7913 0.791835 0.791653 0.7881 0.790105 0.788858 0.789686 0.793302 0.790809 0.789963 0.788937 0.789635 0.790563 0.790396 0.79128 0.788386 0.789401 0.790508 0.791327 1 0.790067 0.790444 0.791266 0.78908 0.789148 0.791339 0.791453 0.787378 0.787818 0.788745 0.790648 0.789385 0.788462 0.789584 0.790368 0.788311 0.787584 0.789088 0.787698 0.789744 0.788022 0.789544 0.787701 0.786802 0.788534 0.787958 0.788609 0.788517 0.789056 0.787644 0.789335 0.789256 0.788983 0.787751 0.787296 0.788495 0.790329 0.788292 0.790116 0.789774 0.790339 0.788071 0.791836 0.79092 0.788532 0.790838 0.78925 
0.790201 0.791406 0.791026 0.789909 0.792856 0.793472 0.791142 0.792289 0.789452 0.789344 0.791609 0.789684 0.788964 0.790959 0.791934 0.791126 0.792347 0.791171 0.791681 0.78845 0.794423 0.790554 0.791775 0.789476 0.790165 0.790985 0.793763 0.789634 0.791388 0.792225 0.791368 0.79023 0.791146 0.792635 0.790817 0.790703 0.79229 0.79002 0.790768 0.791598 0.792826 0.790067 1 0.788718 0.792644 0.789201 0.788003 0.791442 0.787605 0.788313 0.788038 0.788248 0.787346 0.791145 0.790509 0.790963 0.788629 0.790164 0.789396 0.7892 0.79018 0.788329 0.78872 0.789603 0.787282 0.789384 0.789927 0.792625 0.786972 0.790494 0.789237 0.788482 0.790313 0.788809 0.790445 0.786311 0.786104 0.789432 0.788414 0.785396 0.790496 0.789778 0.788474 0.78856 0.791377 0.790017 0.786751 0.791369 0.789568 
0.789282 0.788845 0.788158 0.791124 0.78845 0.789813 0.786559 0.788705 0.786759 0.790584 0.78821 0.788426 0.786831 0.788114 0.788276 0.788995 0.788308 0.787627 0.790731 0.78758 0.789541 0.79121 0.789161 0.788435 0.787556 0.791747 0.787896 0.788271 0.789584 0.790041 0.787696 0.789379 0.787473 0.786721 0.786921 0.788558 0.789212 0.789336 0.789876 0.789144 0.790438 0.790444 0.788718 1 0.789216 0.786059 0.786949 0.790581 0.787705 0.786497 0.785285 0.783999 0.786943 0.78893 0.789455 0.788138 0.78746 0.786041 0.786904 0.78477 0.786683 0.786519 0.784739 0.786721 0.786 0.785867 0.78685 0.787001 0.786446 0.786692 0.78896 0.786227 0.789296 0.786518 0.786806 0.78565 0.784998 0.786483 0.786222 0.784479 0.786977 0.786556 0.785783 0.784123 0.787613 0.787511 0.78473 0.78616 0.786414 
0.789615 0.794095 0.792432 0.790463 0.793415 0.793159 0.791697 0.793562 0.790781 0.790871 0.791229 0.790584 0.789435 0.791155 0.790614 0.791721 0.790127 0.793351 0.793079 0.792089 0.790862 0.790927 0.789496 0.791061 0.791755 0.789867 0.790026 0.789685 0.79195 0.792497 0.79318 0.790035 0.792709 0.790516 0.792478 0.79129 0.792289 0.791985 0.790744 0.792433 0.792103 0.791266 0.792644 0.789216 1 0.789773 0.787029 0.791101 0.788 0.787381 0.788717 0.788618 0.787622 0.78851 0.789821 0.789138 0.790082 0.789703 0.788459 0.788817 0.787823 0.790414 0.786899 0.79081 0.788594 0.788536 0.7876 0.789991 0.788174 0.788274 0.789061 0.788514 0.788129 0.787456 0.790243 0.787268 0.786915 0.789551 0.791796 0.786415 0.792048 0.79063 0.789388 0.788612 0.789053 0.788518 0.787129 0.790696 0.790014 
0.788365 0.789661 0.788167 0.788582 0.789655 0.788882 0.790356 0.787105 0.788793 0.789305 0.789436 0.787643 0.788038 0.787847 0.790405 0.788126 0.790531 0.788823 0.789497 0.78873 0.789672 0.787238 0.789331 0.788819 0.788015 0.787434 0.788186 0.788103 0.788234 0.789828 0.789423 0.787546 0.788877 0.787874 0.787936 0.788856 0.78973 0.788314 0.791206 0.78894 0.788499 0.78908 0.789201 0.786059 0.789773 1 0.791267 0.791785 0.79173 0.792138 0.791023 0.790671 0.791497 0.792036 0.790725 0.792267 0.791948 0.792839 0.791534 0.791905 0.791364 0.792975 0.791754 0.795265 0.790326 0.792016 0.791165 0.793952 0.788829 0.79191 0.793525 0.790743 0.790047 0.789418 0.790816 0.790816 0.787098 0.790722 0.790977 0.787358 0.791407 0.791186 0.790528 0.789988 0.791009 0.789545 0.789679 0.790808 0.792716 
0.786354 0.788919 0.787481 0.788413 0.787288 0.788317 0.787787 0.786506 0.788889 0.787625 0.789694 0.786394 0.787211 0.788756 0.787641 0.787413 0.787991 0.78762 0.790189 0.7887 0.790917 0.788562 0.788721 0.787695 0.788751 0.788723 0.789203 0.790647 0.78892 0.789474 0.787478 0.788811 0.788097 0.787034 0.787993 0.788089 0.788517 0.78988 0.788038 0.788685 0.788975 0.789148 0.788003 0.786949 0.787029 0.791267 1 0.79103 0.791161 0.791861 0.789187 0.790605 0.789445 0.790316 0.791966 0.791348 0.790381 0.789711 0.788888 0.792695 0.788691 0.792399 0.791635 0.793662 0.790127 0.790647 0.790013 0.790115 0.788792 0.789859 0.791023 0.790162 0.7903 0.790922 0.791259 0.78973 0.785463 0.790375 0.789923 0.786632 0.79194 0.789851 0.790756 0.789031 0.791348 0.793027 0.790919 0.793086 0.792209 
0.790013 0.790666 0.79104 0.789159 0.78921 0.792354 0.789403 0.789497 0.789 0.788547 0.789908 0.790416 0.788481 0.788429 0.793549 0.7902 0.790576 0.78977 0.791582 0.789318 0.79091 0.78806 0.79016 0.791846 0.79052 0.791594 0.789652 0.789069 0.790604 0.791808 0.790311 0.790572 0.789239 0.789529 0.790278 0.791308 0.790982 0.788408 0.790004 0.791425 0.790389 0.791339 0.791442 0.790581 0.791101 0.791785 0.79103 1 0.790295 0.79197 0.792012 0.792135 0.79069 0.791832 0.794029 0.794127 0.793071 0.794664 0.790808 0.791212 0.792376 0.793996 0.789618 0.79549 0.789914 0.792902 0.79196 0.79301 0.790628 0.792918 0.792158 0.795544 0.791127 0.792686 0.790407 0.791235 0.78907 0.789464 0.791717 0.789071 0.792076 0.789814 0.792553 0.790438 0.792543 0.79205 0.790778 0.792193 0.793421 
0.786168 0.788275 0.790174 0.788254 0.788018 0.788481 0.78826 0.787718 0.789013 0.784474 0.789345 0.787401 0.790287 0.790044 0.78845 0.788388 0.789244 0.789472 0.78864 0.785639 0.788461 0.78737 0.79078 0.788565 0.789489 0.78734 0.789328 0.787695 0.787532 0.789229 0.788314 0.788997 0.787303 0.788719 0.787852 0.788911 0.789494 0.788209 0.789211 0.785056 0.791303 0.791453 0.787605 0.787705 0.788 0.79173 0.791161 0.790295 1 0.790172 0.792386 0.792086 0.791096 0.790539 0.791065 0.793243 0.790882 0.790803 0.790255 0.792262 0.792206 0.78967 0.794117 0.794317 0.789968 0.791225 0.792698 0.793257 0.789409 0.789427 0.792172 0.791941 0.787339 0.790571 0.790355 0.79198 0.787383 0.789855 0.793609 0.791411 0.791933 0.79218 0.78937 0.790824 0.791722 0.793013 0.791785 0.791549 0.792711 
0.786526 0.790089 0.789584 0.787368 0.788498 0.789194 0.786722 0.788107 0.789192 0.785051 0.788699 0.784603 0.784809 0.787442 0.78744 0.787834 0.789517 0.789573 0.786363 0.786721 0.789091 0.786931 0.787182 0.787897 0.788809 0.786139 0.788662 0.785944 0.790221 0.787854 0.787242 0.788252 0.786633 0.787339 0.788839 0.787705 0.789813 0.787136 0.787256 0.785848 0.787827 0.787378 0.788313 0.786497 0.787381 0.792138 0.791861 0.79197 0.790172 1 0.789138 0.790182 0.789523 0.790661 0.792053 0.791183 0.791031 0.790267 0.790134 0.789895 0.789296 0.789778 0.791674 0.791361 0.789254 0.791708 0.791248 0.790931 0.787176 0.793234 0.791942 0.790185 0.788567 0.790433 0.791465 0.789475 0.785055 0.789065 0.78884 0.788225 0.789226 0.791372 0.789569 0.790059 0.789517 0.789213 0.791336 0.792051 0.791297 
